Agreeable_W2_PCG,Conscientious_W2_PCG,Emo_Stability_W2_PCG,Extravert_W2_PCG,Openness_W2_PCG,Agreeable_W3_PCG,Conscientious_W3_PCG,Emo_Stability_W3_PCG,Extravert_W3_PCG,Openness_W3_PCG,Agreeable_W3_SCG,Conscientious_W3_SCG,Emo_Stability_W3_SCG,Extravert_W3_SCG,Openness_W3_SCG,Agreeable_W3_YP,Conscientious_W3_YP,Emo_Stability_W3_YP,Extravert_W3_YP,Openness_W3_YP,DEIS_binary,Fee_paying,Discussed_exams_PCG,Discussed_friends_PCG,Discussed_future_PCG,Discussed_teachers_PCG,Discussed_workload_PCG,Discussed_subjects_PCG,Discussed_exams_YP,Discussed_friends_YP,Discussed_future_YP,Discussed_teachers_YP,Discussed_workload_YP,Discussed_subjects_YP,PCG_Educ,SCG_Educ,TC_writing,TC_reading,TC_comprehension,TC_maths,TC_imagin_creat,TC_oral_comm,TC_prob_solving
-0.0864198880893818,-0.11865979982289043,-0.1081363225506492,-0.06817475152435781,-0.06883598955529069,-0.11188290608374896,-0.14168464744895418,-0.14048218314357971,-0.09932832401708144,-0.11563150393546377,-0.1036930019776542,-0.13874571812424322,-0.13724428557155416,-0.11558566046493914,-0.10982682367000128,-0.03795305383830499,-0.07492014990207847,-0.050069169445058716,-0.0708018878336799,-0.0387322404752036,0.06179844444412052,-0.05425958575541742,-0.08636153616836144,-0.05653968532635857,-0.0685225820749534,-0.07980823278918733,-0.09285852169626459,-0.10859024720587147,-0.12874865923795686,-0.11114233911349644,-0.10299135439938285,-0.12229038785890221,-0.12781905376480104,-0.14413841916459455,-0.10975918867201061,-0.0959209321629767,-0.3057993193229602,-0.3108198313277298,-0.32174232321286095,-0.29110508839426336,-0.2704000050361735,-0.2862462261896742,-0.31030294699000627
-0.07864199881504193,-0.023967067554659438,-0.0014720022930810317,-0.025036210317975927,-0.03346393818708887,-0.08067956138203025,-0.04783985020352316,0.008557114604309392,-0.06609927878353185,-0.06132529077195239,-0.06869492135035161,-0.03770783742278794,0.014578287151423211,-0.05028817404448351,-0.03614237359237119,-0.07676668133133513,-0.07222713677196142,-0.012744544363947646,-0.06224588652375477,-0.07521761379307133,-0.0371607768743174,0.05281715768159377,-0.25810444816410183,-0.2569224322169454,-0.2554884064963753,-0.2810019854671732,-0.2921106440732617,-0.2671523340602401,-0.20955955459578665,-0.21275886078937098,-0.21074925187454402,-0.22463461123975964,-0.24233859051524081,-0.22711777216331472,0.0753072056555388,0.07472939633461274,0.15801672235387107,0.17082275799766053,0.18293193295097543,0.17992454677360148,0.15440704186764223,0.14712971101320235,0.18618836072731276
-0.15734293030278443,-0.14144182680025263,-0.18900362854717687,-0.11199824335364317,-0.07611416981226421,-0.20176046169611928,-0.20521404749283215,-0.2935951004547337,-0.21993136103428332,-0.18584823794976185,-0.23634478603258866,-0.20934812117912555,-0.2727349021886317,-0.21454632573742333,-0.20243412134109662,-0.07334471772788563,-0.16884063365430355,-0.21080828936163767,-0.186413025177819,-0.11022926834646814,-0.022260767770730695,0.00904338801000869,0.15049096003871404,0.15207227496114267,0.1308414351683065,0.15140858701402685,0.1569068615575977,0.1515864362390042,0.053931821314350314,0.033395274904659836,0.05153947835712388,0.03388096044325702,0.0463962957961683,0.06957898558814324,0.044897962258284754,0.06848767969211277,0.123036264917973,0.14367262296963382,0.1501253462188409,0.1015938183414489,0.11736887439740758,0.11876745241385984,0.10441589182860016
-0.12760214068662193,-0.23533729073312,-0.014355765523470482,0.2886031286398779,0.1145211800647013,-0.2255141136066888,-0.28657860546958003,-0.029380998223827115,0.3906920184851866,0.17485802946782147,-0.18805438788347872,-0.2680498557171406,-0.040739137386308036,0.3385759396107188,0.11368382429221315,-0.13375771122279909,-0.1954980514278248,0.03188117418329624,0.36887010509861134,0.21010570897681857,-0.008421036839636216,0.05877904192772824,0.016021691984531877,0.011725810399853608,0.06311722399791424,0.035294396004336225,0.004309851189595786,0.04991518965717926,-0.01578383165065349,-0.07567877937043432,0.0036961330816757303,-0.028391489900698532,-0.06475892676993811,-0.011667793606228948,0.05687982167163092,0.055825446590016564,-0.048870313021642194,-0.014788498116385235,-0.011725857462852603,-0.004951066347316683,0.06388651346855614,0.06994270213299365,-0.003049783682911081
0.09376349575528355,0.08659395802600997,0.08192269750670703,0.022435628166941154,0.14017440032825013,0.06671716931968898,0.0832986425279389,0.0666724211028121,0.006339813488395074,0.10372825575871697,0.015405199307157336,0.05496576308366553,-0.0022579561290364796,-0.031723658149013644,0.04237945320544579,0.006734129729790909,0.03097731686355337,-0.021050397143559867,-0.05677137069086528,-0.02096430416578402,0.05602371828060991,-0.09834525694738752,0.23773185282571974,0.22861031473405766,0.25188219934339523,0.2433201255054573,0.22652879450518268,0.2261977870086014,-0.3000396199183263,-0.27225688789414487,-0.23585347185765324,-0.35042807786071617,-0.33304452420154707,-0.31864887803966646,-0.08331822442017353,-0.07761584793522279,0.03154242543901238,0.012621962255961962,0.019839781997282913,0.03686152200955392,0.027320873425960634,0.007727657886644824,0.02462410332813626
0.007903189201024985,0.1665817273454171,0.1118053622973983,0.04425893417617917,0.036562888522,-0.06556573913501765,0.14469760808245172,0.007787586347521157,0.014587467835504627,0.0008787932549103282,-0.04486545621046686,0.08680369170729796,-0.027616928148495618,-0.023172258555086922,-0.0355843671565117,-0.15173313397927923,0.02332263721488964,-0.07274103133669135,-0.028875015856179742,-0.14809404234618873,-0.28789670200605827,0.4353221364423839,0.04104532651075638,-0.018520035808253826,-0.00879174450168405,0.025480005736164733,0.08082283871144175,0.10246880306558777,-0.02378353031478773,-0.041260047790594986,-0.0034869793830109596,-0.06718290489355665,-0.030878028861456405,-0.005229000496818949,0.4982975802314836,0.5130642863173352,-0.11216195413779251,-0.11173499965469381,-0.11251419573155498,-0.06488151094916259,-0.054092131589127505,-0.0630468200507185,-0.08260023464664581
-0.024781740279001704,0.26704743282252563,-0.07142864404266082,0.1961217543291077,0.1982693436543514,-0.19961680698686607,0.2942011753775379,-0.34465050499705796,0.13202191237122926,0.14184459988266496,-0.21253115277225007,0.22727422975221565,-0.36127627324332645,0.045586660852031335,0.08452227553447589,-0.050274529763957077,0.3330616198211865,-0.36134973335511744,0.04860538081901067,0.027424678007422515,-0.015852360449510605,-0.06603817089741568,-0.06616938832885168,0.028956194814766342,-0.09112821723355896,-0.04348953487958822,-0.06937305012355315,-0.09272091101338537,0.007000825776716548,0.08273987280525691,-0.030193910585968757,0.021760569043345963,0.03358961776076342,-0.03861704170431232,-0.1210572520870043,-0.1230199014345712,0.052994098646266315,0.013829764967060922,0.007121290732068306,-0.02025015337054368,-0.004733034434037642,0.026075086012339013,-0.021513050166024356
0.4293309232636387,0.0008676849624897065,0.2280754970717539,0.10929748588108246,0.3663073418594235,0.27092183560887806,-0.15738762607390197,-0.10190101433198295,-0.0899170719494071,0.22913342028862732,0.09993917146698703,-0.2512430585799317,-0.16649973461931003,-0.12852272967620615,0.03245369053614393,0.22390044099584278,-0.31576777793676947,-0.2544371135311015,-0.17065636691511182,0.12412619936759148,-0.10823643601334053,-0.015887646146202,-0.07417693974119724,0.040723478567238056,-0.0662253944838982,-0.06658937235914712,-0.08543908566712109,-0.06933162710183954,-0.0047972841147257235,0.11766940870300178,-0.01244750969692947,0.011675345510446957,-0.007057666406122841,0.041500637989528286,0.012694329534039745,0.07734325338610497,-0.014650852972878065,-0.015414043713798647,-0.0026070311701260986,-0.05509144263953035,0.06804000782077352,0.001962575301549175,-0.024822590983892306
-0.11532594633350364,-0.21396811286422648,-0.43394968525816496,-0.2928654884081892,-0.2544375435084114,0.13262970774202998,0.010369910932271367,-0.18310070235987483,-0.031324742268363986,0.19468863707712908,0.26274174372375875,0.14324249048993798,0.00018441049675821386,0.08871639632340986,0.35433992382714735,0.25003553117604216,-0.011531408708793607,-0.22527286268261454,0.04460068720189332,0.27302662528916477,-0.1621216414812101,0.11148494709949663,-0.027156114221107794,0.08276712285023703,0.013379124888826876,0.010079898536013944,0.009799323587535587,-0.027336881057239137,-0.07807385832269535,0.0359635506250909,-0.03902148140775157,-0.07012092258318242,-0.051971968995164104,-0.0757908025173,0.09420487081840856,0.09420471918505938,0.015238684846107306,-0.010922436570413733,-0.001115013687357228,-0.05341031328184531,0.07890188623285393,0.024202575658379678,-0.04016817521803361
-0.02280208435787996,0.03534122437957514,0.0025861725549369344,-0.15060527956913172,0.0066010247578240835,0.014587035363723473,0.1114489572816491,0.07992196004663372,-0.04805504754023472,0.109593512538581,-0.2937731128850598,-0.18085058893994177,-0.22494142755491103,-0.21898380157992342,-0.25798955760272096,0.3559720425830034,0.28538039309802704,0.38379734930598797,0.14422068028761126,0.47967949745008953,-0.021029296090974814,-0.024815487204484954,-0.039800767971073917,0.02171451261746779,-0.045746000241153564,0.02611472013097594,0.009084515012593546,0.01067848312753701,-0.042100341640269906,-0.016938295984444175,-0.0850934725035188,0.03607134437846137,0.012788250773520679,-0.02935805707971618,0.11457157182110396,0.13388365059493015,-0.01647043592803302,-0.018976084203623428,0.015576250354254379,0.030518759742459902,0.011557256405445467,0.009450652998491058,0.02991590069186873
-0.21244289155550355,0.038815399776778406,0.09412568927808787,-0.23678325109809353,0.2581208780588905,-0.23584962754095634,0.023998894365555246,0.0832119600242302,-0.20075021399980725,0.3027650752605851,-0.11154294220066108,0.06414963034197596,0.14616313599867564,-0.1681479994816542,0.37392563321209904,-0.35752601432221204,-0.11404525192012807,0.07496013360449615,-0.26382679393561165,0.25497605285309155,0.28579824132174725,-0.12828440854876066,-0.05053031911281982,-0.0006773097711161372,0.0050637842192137825,0.022996769024901127,-0.013712995449295952,-0.0017564272482913726,-0.004966372701574315,0.059470525695682286,0.0010960022313635904,0.08483402166008763,0.06058959279337585,0.021136259484363932,0.09740931274464146,0.09177128467186872,-0.04462092324659312,-0.017038004961510006,-0.021792924643909126,0.0022548530910543323,0.029512364161278896,-0.04097363795594935,-0.009911997830377902
0.0515791683898211,0.13241423525013565,0.021803180899215385,0.15884872601174502,-0.06472613055283397,-0.045640925499927106,-0.07975346151090498,-0.19317306347683866,-0.03180739287282181,-0.1769588439002863,0.14094512171298285,0.050298439170161,0.0003048612841107662,0.12362724337987785,-0.015570968800800639,0.284121580877685,-0.0050513549356759335,-0.06502086827870308,0.02605284406177244,0.02800011691498583,0.7818261610576517,0.1058823540790127,-0.12349238088704678,0.022590709656678365,0.027393152906045992,0.032536284634267026,0.015502622012150434,0.023309550009464945,-0.12302470967937028,-0.02616551866874972,-0.0018223469701674796,0.04378929971308792,0.007272431592986925,-0.004108431666542511,0.2243001709787158,0.1930969940189753,0.008618532542254882,0.00410274879154468,0.004828006820210022,-0.007974557684180688,-0.01994409135256597,0.023759195969746263,0.009780305700107532
0.0969160215719021,-0.16283034808135866,-0.056895020027130545,-0.10216478391825909,-0.24678318373248576,0.27975795809940596,0.15470013475204436,0.23827087772784827,0.19616643632039749,0.2609245712456242,-0.15420436656058434,-0.06808333091478916,-0.16552546342124805,-0.04014985822045583,-0.15914232346965002,-0.29318414163590006,-0.05788957162441277,-0.11477712507179783,-0.008336637466136998,-0.13005752083447641,0.2777333773287107,0.2958608852369592,-0.04445357982397788,0.1754204017746783,-0.09353381929808463,0.09448197308075534,-0.027771127456383854,-0.0765572678824581,-0.11898720296242146,0.24477241913626654,-0.19878538625464728,0.20175861855726074,0.049709260930279026,-0.15229549586882496,-0.10535437515760437,-0.014461844730810487,-0.05187900863050441,-0.02239016514385704,0.007694832538829872,0.02691126824261928,0.011742264093450371,0.037205353835568084,0.05723210134968315
0.0418200843527456,-0.0344207303996481,-0.05643107325512981,-0.09727919712917232,-0.03387880592482036,0.15406855337492226,0.11184886154474828,0.06524031057528562,-0.02442863858365187,0.24956914924520118,-0.08461954015155655,-0.03120515920694958,-0.10272960001883148,-0.06227561861892841,-0.11056556786556018,-0.07555685155935996,0.03272806064006491,-0.12731098108568045,0.042903401714843206,0.038985942159789226,0.21405909306839652,0.17763231676834348,0.08853261940724039,-0.2884119092082308,0.2962186589559268,-0.22431560506506046,-0.04740500219518421,0.017821103597046473,0.18546038182586116,-0.27280827547077663,0.5430085714603496,-0.23276446906528098,-0.14881343319104803,0.0807359714872769,-0.12204721919849011,0.02682348743218814,0.04466221507009449,0.04769293357522059,0.008772104619843873,-0.04148095076095477,-0.008125502439522106,-0.00014006577708511672,-0.038149591766808266
0.2605039272128247,0.04720696566384579,0.10029568908017628,-0.15208847134270032,0.09633935133884351,-0.14942956395266777,-0.18384063840387813,-0.15254983313188103,-0.16698400997712373,-0.18433894172637674,0.031136149681547348,-0.018403964247730997,0.018775079374783482,-0.01050164904349793,0.18254872945333792,-0.1117947650193225,0.1410713450750971,0.11233239047116961,0.09177495219824126,0.19883368008294772,-0.006585253052842091,0.6640643209579009,0.021002734534982276,-0.08256652101953599,-0.04467165168456019,0.001759163686233911,0.09704385546688485,0.07204829189029921,0.021800182082797957,0.0076623292366957835,-0.0910076676961494,0.01785664669199788,0.007494618203680303,-0.03712102707313669,-0.26143567488661235,-0.26085099092427383,0.038515666596509575,0.0009536606857333801,0.02570205554478597,0.039681267919167526,-0.013394412638660053,-0.02755583029231188,0.03994112773876507
0.3077622188007641,0.3091260260916351,0.2879970573492352,-0.22990802404364946,-0.49198026019473445,-0.05000328833214995,-0.07077855827733448,-0.04697348298334145,0.0042299505512205515,-0.13330396921532747,-0.010577390574338735,-0.09247563585171692,-0.12918195826438086,0.05787528402728312,0.11442733565554114,-0.2758353327279785,-0.027246833625225536,-0.09947533490562642,0.18049642317732587,0.18387815776511995,-0.06816788882338826,-0.28982844384977574,-0.10849450572552144,0.04687495736677033,0.0198546425762098,0.04461527139096211,-0.009082846106826664,0.014974239256974886,-0.10973279604770036,0.019226753334680782,0.18168279887101502,-0.01706475462287471,-0.07522314790838777,-0.00807601332767606,0.09177307510176361,-0.004905358067908927,-0.04659019036569538,-0.06373023765547484,-0.04751724985822475,-0.04313982517216563,0.1264093304338553,0.13394827077077678,0.002498367083015429
-0.274677176767711,0.1431664021836517,0.2906981754512387,0.1806704526834325,-0.24830362913313347,-0.16459941835178968,-0.0102290695783182,0.07143225863804573,-0.002463819850655871,0.03527882318295348,-0.10464125181603465,-0.015612644511488388,0.14847609099293974,-0.07384002866840528,0.03885757294152378,0.26534228760366163,-0.08731211831319281,-0.02029128438880072,-0.15456031605852538,0.06621077863771364,-0.04596600483710875,0.2278205507414038,0.175989166389345,0.3203599357514705,0.13261733427752107,-0.061772841227507785,-0.2191595700881034,-0.23416028335917838,0.10699790365508655,0.30593044678135184,0.15431011888254437,-0.10025859133094278,-0.19481331841049782,-0.15625514390940096,-0.05429762467572863,-0.11000349014419891,0.041112451716436633,0.01999413997707325,-0.000778696421874045,-0.069570010570114,0.05583092715189053,0.0191421692025345,-0.07853872163427092
0.2490136121491979,-0.21347401418406814,-0.24308832920944903,0.19956944539642885,0.15874987582656064,-0.01424933713956883,0.005490943632502118,-0.12527680291282622,-0.0848895838249415,-0.16465436414012335,0.20030816787786637,0.12018453338197946,0.14555372776260753,-0.17182898845442948,-0.19799629500773241,-0.34798154633108136,0.1463345739055279,0.10237939283650427,0.13711827037980848,0.21880280139161348,0.014967812879876974,-0.10214094582293828,0.09459743439969809,0.20697204822177084,0.09355286487557841,-0.013916708640416386,-0.16231308945402886,-0.1897558298872939,-0.0016305688292706233,0.26984474618031506,0.17612119055091915,-0.0332332558331532,-0.1992231198687396,-0.1605596411184821,0.02333593012312571,0.2005522629569077,-0.003714732454353234,-0.020947304721963177,0.021645623922870144,0.07512352626820655,-0.034904404101212594,-0.020697432674535856,0.02794771287251907
-0.11006725413966473,-0.4224164459355084,0.3787459364152445,0.4037522421327559,-0.3048879764484488,0.1049037205094923,0.03386749221859618,-0.023956717766644875,-0.07847246044016354,-0.024673298912100572,0.11077962641266124,0.040298835528049484,-0.05957586854095612,-0.19155490442855733,0.09113244248755145,-0.11828369549561459,0.24472794048154298,-0.19259973705540098,-0.1348871054895745,0.2630583145804394,0.0026540272103715845,-0.03389221954798085,0.04656941439246284,-0.09500883487432243,-0.07844981796531783,-0.021888914009817573,0.09803170852196019,0.08484797302433339,0.07878791732589507,-0.1841765507340664,-0.15130479934792146,-0.008908234884367483,0.07770390038787017,0.09501128454974928,0.007816842342978747,0.021934713823485108,0.0004393856428862031,0.023100301738481585,0.009958674677665535,0.05130888005487784,-0.04824060976797906,-0.08811375530778975,0.04314524445204357
-0.32252095092545824,0.3598640186916112,-0.0855959840592397,0.21561823442749617,-0.04654731074236966,0.06579007315679795,0.02054593062468292,-0.003675140745785871,-0.017536396763201775,0.07624845919593289,0.26831402848517194,0.017191101712692697,-0.015678789335747068,-0.20548813277827688,-0.20199515628701462,-0.10830778264781965,-0.31596918636671506,-0.02249747414154106,0.1354414094411692,0.2279415426374447,-0.10589282746362559,0.1099527117167072,-0.22031301096283262,-0.011582569766242834,-0.008423383491750452,0.05302303727999921,0.12635479385066528,0.06791185208845482,-0.34062098117670514,-0.00893585827705709,0.12225336928725271,0.011955242521492493,0.09710243917152439,0.0978249289853316,-0.21721258326611445,-0.01103711389633244,0.017307727728420666,0.050169213104078,0.010093956616697555,0.146307402800969,-0.13651162200468206,-0.1467175047372899,0.06525745407829639
-0.1409658329050059,-0.08942482770097931,0.16401893652134691,-0.10996779301444977,0.12421239389303407,-0.053255479316859984,-0.009552447340723053,0.028798436938544426,-0.0069290245306207685,-0.0870726182114645,0.06865689185255065,0.08782988991548847,0.11876505240343559,0.12647920652812591,-0.21860599052303983,0.025710047873600657,0.12066717622568693,-0.11615474771232998,-0.0664287951436206,0.05925220536927733,-0.020157191617788724,0.0214961156211207,-0.06567928660039565,-0.007857925031729877,-0.011814650390675377,0.03627964472364832,0.06940265344603938,-0.028848370972881204,-0.14225477675436665,-0.029512982624047196,0.017448816176738907,0.02233905883303816,0.08660923989047518,0.023243091669589044,-0.4776533369237508,0.3794188303482321,-0.13056305432632975,-0.11012508469374513,-0.06560595875522865,-0.20459317335216043,0.389327585656571,0.34554950073295554,-0.13651512005322886
-0.24184986290393956,-0.09668227531501611,0.3490530030400133,-0.4203761714334111,0.2165752415090736,0.07721725966944434,-0.03605042584681485,0.012472126847496018,0.06933127995010567,-0.14391042009792543,0.06756560228817954,0.18272080367787058,-0.039930709175161005,0.1505258953283311,-0.24254785665336645,0.025062397258736477,-0.09864086362827007,-0.31048399825731915,0.25268343384755065,0.133001154188946,0.040145872207804495,-0.05530664985389443,0.06596937112238721,-0.02839938619419036,-0.10301772992161329,0.05525309174047941,-8.740232133444548e-05,0.008615505026030701,0.2065728004458722,0.12694607633877739,-0.032934717441518976,-0.0319086419672065,-0.13334494606994318,-0.12363526454808249,0.05578070758052969,0.001117651172548563,0.04281853021688675,0.013534928760411138,0.047772527962231526,0.15266464992094742,-0.2373462083968838,-0.1751998895514447,0.09573254230142293
-0.16986997197466724,-0.23196802491968468,0.19034848458743583,-0.09422320741531755,0.2041041408122626,0.050661673485789635,-0.00659148018538841,0.015404234072002032,-0.01737942001708344,-0.06867284767095673,0.13881033694227787,-0.039956014211821746,-0.19735481074864356,-0.07009129302719352,0.10608441430856859,0.03547080763247845,0.198287659777022,0.028271662465435575,0.08099877270747477,-0.19351266118982408,-0.043587177667910176,0.07856007110294408,-0.12811212664233426,0.14427979530770113,0.24009367470225626,0.028014423628682283,-0.09950337609204898,-0.18775431470388437,-0.38422735868727687,-0.048920617207300086,0.2786074172509094,0.023178336671550337,0.1760416307381115,0.03118338164745421,0.2386286613542405,-0.2735035246157061,-0.20427945702312877,-0.13426470517182704,-0.04631536056535509,0.1442999114692242,0.07929770920305881,0.10594958895235973,0.14255277947038814
-0.12398410525065322,-0.001205391451276655,-0.021493845744073328,0.08129178662404223,0.0773958363463218,0.08810552676886002,0.025751961011043163,-0.05697565373618059,-0.042450798657176034,0.06175238796999104,0.1371179631240071,0.0967856348130427,0.04723250133731402,-0.147456013100509,-0.236594288507337,-0.10627407645955364,-0.07123047735451063,0.031229690631233,0.08209819406772104,0.06269128117558578,0.037031333567751734,0.04543275783757289,-0.16128963138299757,-0.06263747817503401,-0.156776912597694,0.03239441365988893,0.13303286434688832,0.18402645738676804,0.214111697239245,0.02604160527559346,0.0019092809997707794,0.004765021722968277,-0.10442973332497864,-0.16338096250923603,0.34481787841727773,-0.43494301611514274,0.015036078778971562,-0.005682522235573556,-0.04310707551408943,-0.30128581711392893,0.3278795912974569,0.2720534244782219,-0.20236163023621273
-0.09640193641429451,0.2544780278813426,-0.10929865278403507,-0.0733970319777967,0.07132060304697452,0.10676945912950297,0.045839609849074626,0.04962542126276269,0.07198649675365669,-0.12782069100833193,0.1902791679222492,-0.22945643017582096,0.030236139293092087,-0.03715111487986382,-0.06368965793990505,-0.15757816430437505,0.02602896346560546,-0.1427291150815827,0.044573010247182035,0.16078188752737843,0.053593118527259856,0.06022005751452189,0.3062251043928065,0.1756944545840833,0.10456288009745288,0.052937115905147686,-0.2746486319513686,-0.31188974796412006,0.1744911544424329,-0.37923638096314716,-0.30911351359935196,0.04418943809162944,0.12570260172009645,0.24739289904911954,0.08835040098355423,-0.06224878818057947,0.020589778241556778,-0.025403964479804753,-0.04049715051245345,-0.07097872649738723,0.08485589856539333,0.057949131651905184,-0.02780083440554909
-0.03455136119618348,0.13133850369022443,-0.10791376931790829,0.09752390364858309,-0.047987653294062044,0.0498551427583982,-0.038539116024188275,-0.031922064436192846,-0.034583860899041155,0.024597341787896573,-0.017155555439335616,0.09665650934902136,-0.047545352482207745,-0.06795590827525308,0.04317690834054297,0.06547744529576166,-0.10824171337321287,0.01761782117162324,-0.002167569092312766,-0.007502270242737783,0.04892219540886806,-0.015974995063781305,0.1280817380569806,-0.10757872618586162,-0.06703714800423516,-0.05492860462895083,0.06958498103716618,0.020098272922228464,0.28566441033459966,0.04680208371533293,-0.06696061703420271,-0.08422932805702488,-0.08529897586944563,-0.028370137647821758,-0.0640613943289913,-0.006035983351737967,-0.40526185951491883,-0.424030781756819,-0.228085428686048,0.4260389664058788,0.20307529045775458,0.14237535136322008,0.35565756072635935
0.24133510825022153,-0.06882137296913873,0.05434533716184664,-0.12431188349816208,-0.13367221322172543,-0.4692866632501108,-0.10338719121768254,-0.12323602185601137,0.1310887135692164,0.45531209456417127,0.17007831099181303,0.08459900818466243,0.28198909929928984,-0.05092705588249183,-0.3884065010751884,0.09697600648250018,0.08070879683758225,-0.11288227220997682,-0.10325394379032475,-0.033437597835866445,-0.039356490377721404,0.008509473934563389,0.005191281438602868,0.02607693644271472,-0.017834334525575646,0.06161443670349548,-0.009671233912641769,-0.058572991600861726,-0.058126395925213986,-0.1667203333700898,-0.015248092897511584,0.0873764626353167,0.025610910552310198,0.10959132774875549,0.07931100837246005,-0.12911127333243402,-0.05917207053639554,-0.05369782270033973,-0.0013385552885660044,0.11371804585892609,-0.08564272509793389,-0.005415668697413972,0.09661624580933155
0.029604512608249433,0.03535178756799128,-0.20333291980814924,0.0284865118152924,0.08675289552255842,0.05081796193055245,-0.046512666296491374,0.28455234324360257,0.11356989805562442,-0.20144343707984574,-0.1513324160129996,-0.15948956383973487,0.16725159734973422,0.19218721952541326,-0.0477728986391792,-0.012417722962679772,0.21353416712418044,-0.25232081198109363,-0.3757278048334738,0.22143493869110295,-0.011849702369989286,0.05897578511698257,-0.27339436000928835,0.161829124599297,-0.24427301497281903,0.18919784102815088,0.049150121120593596,0.07350066232362767,-0.0020516906256835485,-0.003820156240003647,0.22509688595621893,-0.2028131715309169,-0.12891596691724022,0.1705773295999218,0.08366878667765781,-0.1316056274368882,-0.0584297603946376,-0.048559719431110995,-0.001383577222344834,0.11780927210397968,-0.03374636517986662,-0.04451561093115458,0.037171311404962826
-0.12516181603048948,0.04524172910524081,0.08150338346379281,-0.07546593325540193,-0.012153247762648409,0.019251361290514683,-0.14915249405098066,-0.1386872609921126,0.052316839523499796,0.2230776739444274,0.27671237853913533,-0.2021470236562163,-0.14630974446842812,-0.12973007701737493,0.10904525726761319,-0.06457777999400491,0.21325850737909113,0.21764591678174522,0.1146686297873198,-0.28257290348960085,0.09222466104881052,-0.0073983210045911185,-0.08378800595335326,0.22904358885090478,-0.38511969307034716,0.19665390182446374,0.060597597400642716,-0.07184997580102886,0.23095573177690304,0.014982384238017118,0.09505114305675719,-0.3528329175603894,-0.06540999937339789,0.11483433340973645,-0.12243562026543771,0.16182531030770045,0.04353266489633752,0.05941344479348351,0.02638982576027052,-0.00487247203704403,-0.02141911964839066,-0.024811575554343962,-0.03247255643203817
-0.05016267852759521,0.05394978140627863,0.004608280901815261,-0.08912171682646479,-0.0015863541393392258,0.04122953700332623,-0.15053506519939788,-0.029960753702743436,0.09287513032499664,0.0541536439016659,0.06140578352458692,-0.027770462443248337,-0.007955340188595741,0.09623670847288135,-0.14223294834934877,-0.10973176321685557,0.15199751330180766,0.022276611421248704,-0.06881948240045459,0.021797603226820554,0.05365824579654467,-0.03556549729453348,0.06804192021471822,0.08472146194759139,0.14861627563492372,-0.5755455695559587,0.059801435538689565,0.22322819996689378,-0.14603032220204165,0.3442132486127068,-0.24315784237199442,-0.35826649797463256,0.12965094769703905,0.2630510191308867,0.08268289768501484,-0.05820659492028962,0.04828929186625125,-0.014769495812743394,-0.03432301134027815,0.008042553938234871,0.11924097138007136,-0.10186721167027583,-0.015401372864395357
-0.12651127297060072,0.18586489000543255,-0.07911028825916365,0.006505762623232131,0.02748190673796519,-0.04195589595250922,-0.20071033192604526,0.14604082036312654,0.10254025043633203,0.04023325511685244,0.2542661449431076,-0.391609564614164,0.032932961846453196,-0.12418981213231327,0.06578151458218448,0.012395000676105855,0.34451928276921534,-0.1990561202684619,-0.06167339669850458,-0.043751626423839216,-0.00688540602846828,-0.058692795080855786,0.1761403135410719,-0.38115460649087657,0.06812976509263394,-1.0610698875562763e-05,0.01309723998568467,0.11309812127682467,-0.045982236549664546,0.22491551619856315,0.0051683972806771394,0.2054991914721473,-0.05292474972839717,-0.3204560904663644,0.025579160402497025,0.04642038772849476,-0.0875990006257447,0.052219188563828206,0.062127192324348324,0.005588550305080601,-0.15629657991806523,0.15435756746064194,-0.025436690596091494
0.10955415878257316,-0.09806249677279749,-0.05639583788532439,-0.052980742985258567,0.05437108876298977,-0.1969422149014498,0.05641083902373355,0.2508570259924473,0.27834345954151174,-0.19048240755655602,-0.0799601986389713,0.10373404670527035,0.08811283462501904,-0.5736019353369015,0.19458756567031815,0.1583856840003911,-0.09829304937384875,-0.21285460537737377,0.2977170445602605,-0.06225640728542972,0.08360285083178369,0.0001862198627895842,0.10239957438936895,-0.007982264384753718,-0.16595269199940887,-0.05224053728616762,-0.030732859398378387,0.1290121854201391,-0.1278602526511431,0.05561694823392316,-0.001659839899524257,-0.08834521059075373,-0.06903030830348844,0.2633996700240629,-0.030041450348865656,0.006449241561307174,0.025381607410332366,-0.004342918230268358,-0.03375679303500034,-0.06124655479528116,0.020573027339449282,0.10171138306507538,-0.04855024239132488
0.008988373240886423,0.004673384227117489,0.009249929657310802,0.002516563314233538,-0.0015353442167746409,-0.0028214365120443237,0.13051231914978,-0.05429098104713316,-0.10673154764825221,0.011846566468702663,-0.11885439106478757,-0.27492961916672004,0.3654286945109358,-0.1475258923005735,0.03918577758945169,0.039011907244312465,0.10441279280829309,-0.2182521593490864,0.27962969717724334,-0.12663163319776477,-0.015001795619203461,-0.02069293746329942,-0.4563416170604006,0.07707637491580381,0.32234261719951995,0.027224157558989423,0.022706029130080883,0.047473925179046035,0.23154237376287543,0.00553924726605542,-0.14185016915961343,-0.07034258415158706,0.16361290882249094,-0.17118472137598084,-0.04867304068733819,0.06088444775099011,0.055970373679287644,-0.06666193214878731,-0.02609538918870251,0.059529509107415834,0.166185226716107,-0.24892330495706552,0.05427443406283833
-0.09217405894132497,0.08561750382663445,0.007917253527426005,0.07064779374248191,-0.007226116991496334,0.3231767500680229,-0.25336062760519057,-0.14041618763441313,-0.3747793621114468,0.19078103223684661,-0.3538014901932696,0.04034784948894571,0.3494431062269247,0.037901793819400176,-0.012059754507085657,-0.018741950161616387,0.17586769008498715,-0.14028986826497497,0.28364410642390137,-0.10194988572784512,0.0007628457596468574,-0.01841988789249316,0.2217137382843655,0.009060538451702217,-0.20644244759831656,0.04000550099062761,-0.040392313079436526,-0.015140105567439638,-0.24682315853740067,0.0038475733790973576,0.0387833477714911,0.09347371359993806,-0.09893570655442496,0.18438175995853098,0.04985806898601474,-0.03244872284747423,-0.009019351985081407,-0.02947839058048117,-0.009381502942644115,-0.03462571638353315,-0.045187551858949404,0.05332352829217088,0.01645044238255891
0.0008632155759215646,-0.11819182371480236,0.02866895403482705,-0.010807169344956258,0.00877394500790273,-0.1826029175960298,0.5827704756735784,-0.08252646811414284,-0.19836164210716134,-0.02354923075385192,0.1429104789989237,-0.42840355424299265,0.08088266482614577,0.2021227724933352,-0.014461456513609965,0.021544706002674722,-0.10635711231713271,-0.024996032849194078,0.08199714823895594,-0.012198435940862642,0.05202075896721778,-0.006169519308250789,0.27560219884966186,-0.045845812126909434,-0.29205777266282357,-0.07472498428969152,0.05441275348386483,0.0777100335603725,-0.16591229304618652,0.08140995000045403,0.11101582065998307,0.010212228299559952,-0.05763753563109164,0.027214005579724754,0.0055481555828772455,-0.07112318696473251,0.007664939071107796,-0.061786787088458306,-0.01515245522732922,0.06463299170958908,0.1699336577383537,-0.14465616924766644,0.0005432884756039202
0.01730900369863566,0.061019860320094564,-0.05038056918951478,0.01743390847858469,0.004488426223078518,-0.030102861838837626,-0.28431606914782437,0.18149684211097697,0.06368106749161373,0.00895728656080226,0.022475734813531947,0.13917214387850968,-0.13193604103189963,-0.03510432246294466,-0.017338899136985657,0.023079957046747805,0.09369174708089714,-0.04310779411956158,-0.0030437988085201748,-0.029433120644479668,0.016872550711543637,-0.021358337440465905,0.16835627519447166,-0.016621166258584313,-0.1430471617910555,0.006324663880794581,0.013985241871204451,-0.045185106929062135,-0.060606648748423905,-0.10400522167184245,0.15119520048284063,0.17325887822563335,0.06693397174483175,-0.1836210899804044,0.0268079391113904,0.023593926190257797,0.19307242879325925,-0.036868280861047015,-0.08000563394495872,0.06945041926821846,0.5312156113440805,-0.5726269284720227,-0.06740572530436525
-0.04905110724409297,-0.026106546087513133,0.0014182402125526433,0.02995652853019301,-0.000884428971559062,-0.09899781577927942,0.009026650497620817,0.1496124153199777,-0.18644884397027608,0.05765136275173145,0.13173948268860522,0.0101347195091568,-0.20008423425979482,0.08253291930758877,-0.0027080281596670724,0.007529563681404838,0.08181195545232131,0.010201634596290698,0.0524957209952277,-0.0899330064013243,-0.023659749259569006,0.018143039490973442,-0.20382083036594656,-0.07839291163201423,0.23248643449647322,0.11807058603604911,-0.10647758447858788,0.055134831169754484,0.027688883953519317,0.12131682046834169,-0.19882732412024576,0.25612432905244864,-0.6118021348740728,0.424146745983252,-0.037051912610060384,0.0019007229578375529,-0.0064918683577339376,0.031457315579686375,-0.039653904869851625,0.04275025193766514,0.13006616519362307,-0.10662591152975444,-0.061583861827511105
0.10138995226280459,-0.014894888446952845,-0.0945823499240735,0.13461047326466583,-0.022797044002026062,-0.2503200518882862,-0.07214974834624666,0.46684649415169754,-0.4574033899581635,0.09246914054894786,0.05645340613109251,0.08442111206829683,-0.1993383810351848,0.15040670899341774,-0.05551501887731125,0.031566075571317964,-0.02852507596131698,-0.15290785019879805,0.20466610622988102,0.009875464886916818,0.016485152266205005,-0.016494535877313782,0.038831114328054805,-0.08754282289118698,0.010489821971802524,0.13948441175315926,0.09932075218961145,-0.21870603053703352,0.04191898564216502,0.129752952516416,-0.0859055336034823,-0.32155486810303313,0.27765738465607526,-0.019889891931112347,0.051474905290882375,-0.03074501753214612,0.0010281049236739448,0.036249104487444825,0.0041630646158128115,-0.05064476151767418,-0.06390450753573396,0.09133520949009205,-0.04057750151500894
-0.009217921984640306,0.01759416671422568,-0.04306847983382896,0.027688553148066085,0.02632444891994597,-0.10487006212538855,-0.058476963824959705,0.222977699551618,-0.22514020327379458,0.03924112949540265,0.10130902889104954,0.004848793857967201,-0.10811154791018254,0.06007878736002212,0.02151350007136158,0.012380260934869814,0.03487573961469833,-0.07093073740989578,0.0981907375887402,-0.039530433245662376,-0.02100312012835665,-0.0005703362736255435,-0.07428169241159362,0.4716339796315895,-0.14227381488587393,-0.40872817438296066,-0.1728082800525019,0.39372961150497143,0.10884806105003857,-0.27185034810288733,0.07444141004199156,0.2574485741947443,-0.00970179083010908,-0.17257630702451865,-0.06926442305353417,0.054653412203897966,-0.04298867211929139,0.0005564526213010339,-0.010450751329030887,0.01841109800368637,-0.14847815181529955,0.12124339668465828,0.03761587026406513
0.005684509089198203,0.027083394919929667,-0.00969730168991377,-0.015593650630695108,0.029293240401507502,-0.005074255672777552,-0.005141391334400131,0.05549979332641755,0.030319590869851747,-0.03273006726984527,-0.02669909239175806,-0.056023559631671244,0.031380780532373795,-0.034838391507111946,0.0485041442687205,0.004359409522145698,0.012320833544840405,-0.04740387191176306,0.03798476581722039,-0.013427861586986133,0.005945468419021136,-0.027113964742632557,-0.0375464891752704,0.14769000018044065,-0.0012869034537524304,-0.3464876855299124,0.710224347961999,-0.46711154951797845,0.04152581376866421,-0.0892658068408351,0.0020674083697122675,0.1936021048622213,-0.18941362377861587,0.01529578393618649,0.03839391917874035,0.0040672857233950074,-0.05552614791288707,0.043721676555888676,0.08794319911036436,0.04920491209297448,-0.05270205455025551,0.029539136665712028,-0.10115131300018917
-0.035383066134121184,-0.04310895692539937,0.010216560156772601,0.005430457816705508,0.017472215777921588,-0.00437931922694576,-0.015579540989742707,0.02895853349227054,-0.0011325538953584346,0.019260866956928205,0.026020577333790054,-0.061828566352547076,-0.022340343952262864,0.007822386911996548,0.004535849883990473,-0.012662436707415875,0.015050981498384047,0.014295916997045327,-0.04997743123847237,-0.006874055916633204,-0.00740878299978448,-0.0034379183413157377,-0.035067644707562684,-0.020812673004277776,0.01832583167320155,-0.000476540649689175,0.07650675783639166,-0.048614827065680356,-0.03354231256723626,0.016615594551280394,0.02018231692537252,0.05375483444807257,-0.033420582102394264,-0.006970976061345557,0.0024644885645597817,0.022023929735390357,0.7325144097186133,-0.4315296617114692,-0.4180997761519389,0.03517465950098085,-0.1498913970113962,0.20440447638327372,0.08387615346144446
0.03037549525623267,-0.01740621526014255,0.025626930918225058,-0.016610379348007853,-0.017645967778321198,0.04226519717986835,0.004557570131656197,-0.04279810470089179,-0.010318436296929023,0.011207696636902409,-0.03449080856614378,0.010029058629310389,0.020745475187074675,4.418939600996097e-05,0.001459015599280744,0.0013985158490528726,-0.017655948041839176,0.005809645874245262,0.01452053603768505,-0.0041941470671887915,0.011183805537551605,0.003965890924231302,-0.0037872955309336126,-0.0032516295095225897,0.007871282671907691,0.025489149197555863,-0.08177802150409537,0.038126785008468084,0.001870085571652838,-0.02017406876570669,-0.025204118091069594,-0.015495866220562206,0.08047385868404561,-0.019539388852897143,0.008587237833385879,-0.013117588605945685,0.026553769618227772,0.05860728939409272,-0.07590853527227008,0.6341886389478508,-0.00264292545813084,0.14716356864436403,-0.7349771028927448
-0.018710439239354015,0.020197058830670068,-0.0009177599348536292,0.026536538680668624,-0.018309748778907245,-0.0028771906531257357,-0.01371626159345761,0.026463236375455168,-0.0021890261437942926,0.013208500627236663,0.014764469049653561,0.022519701767347855,-0.03290687336325937,-0.010116845171911859,0.012653744855694371,-0.01377083857719913,-0.02008647508128933,0.013781866182860064,0.0037763230492599,-0.014170522300441996,0.0033046427397125377,-0.0021527440444018206,-0.005218390237734688,-0.01391229233512773,0.012528131520562862,0.003987953215776594,-0.038495624879199934,0.034838099946673515,0.0025301500783760683,-0.01334180899917946,-0.0069398011466900765,-0.005525043143020001,-0.002181131382555901,0.036153514156096966,-0.001030556375385077,-0.002626310173020868,0.08195139242130235,-0.6339184481921887,0.7444682487239592,-0.030864030751183692,-0.020052279256318015,-0.0333760773405745,-0.1552393256334535
